2.038000 76131.000000 275.918466
2.042000 66343.000000 257.571349
2.046000 60502.000000 245.971543
2.050000 58150.000000 241.143111
2.054000 56412.000000 237.512105
2.058000 55123.000000 234.782878
2.062000 53971.000000 232.316594
2.066000 53188.000000 230.625237
2.070000 54024.000000 232.430635
2.074000 53292.000000 230.850601
2.078000 53469.000000 231.233648
2.082000 52889.000000 229.976086
2.086000 53168.000000 230.581873
2.090000 53371.000000 231.021644
2.094000 52916.000000 230.034780
2.098000 53496.000000 231.292023
2.102000 53343.000000 230.961036
2.106000 53620.000000 231.559927
2.110000 53646.000000 231.616062
2.114000 53524.000000 231.352545
2.118000 53705.000000 231.743393
2.122000 53505.000000 231.311478
2.126000 53688.000000 231.706711
2.130000 53922.000000 232.211111
2.134000 54236.000000 232.886238
2.138000 54310.000000 233.045060
2.142000 53962.000000 232.297223
2.146000 54222.000000 232.856179
2.150000 55096.000000 234.725371
2.154000 54517.000000 233.488758
2.158000 54560.000000 233.580821
2.162000 55165.000000 234.872306
2.166000 54692.000000 233.863208
2.170000 55456.000000 235.490976
2.174000 55524.000000 235.635311
2.178000 55197.000000 234.940418
2.182000 55153.000000 234.846759
2.186000 55525.000000 235.637433
2.190000 55760.000000 236.135554
2.194000 55877.000000 236.383164
2.198000 56447.000000 237.585774
2.202000 55403.000000 235.378419
2.206000 56343.000000 237.366805
2.210000 56813.000000 238.354778
2.214000 57553.000000 239.902063
2.218000 57033.000000 238.815829
2.222000 57970.000000 240.769599
2.226000 57339.000000 239.455633
2.230000 58282.000000 241.416652
2.234000 58364.000000 241.586423
2.238000 59331.000000 243.579556
2.242000 60224.000000 245.405786
2.246000 59706.000000 244.348112
2.250000 60354.000000 245.670511
2.254000 61154.000000 247.293348
2.258000 61661.000000 248.316331
2.262000 62631.000000 250.261863
2.266000 63572.000000 252.134885
2.270000 64879.000000 254.713565
2.274000 65929.000000 256.766431
2.278000 67451.000000 259.713303
2.282000 68661.000000 262.032441
2.286000 69910.000000 264.404992
2.290000 71842.000000 268.033580
2.294000 73201.000000 270.556833
2.298000 76228.000000 276.094187
2.302000 77395.000000 278.199569
2.306000 80773.000000 284.205911
2.310000 83256.000000 288.541158
2.314000 86421.000000 293.974489
2.318000 89546.000000 299.242377
2.322000 94388.000000 307.226301
2.326000 97704.000000 312.576391
2.330000 105132.000000 324.240651
